[PARAMETERS]
WIDTH=877
HEIGHT=702
X_OFFSET=376.926574707031
Z_OFFSET=883.567199707031
MARGIN=10
SCALE_FACTOR=1
DRAWING_SIZE=10

