[PARAMETERS]
WIDTH=1300
HEIGHT=2069
X_OFFSET=660.916076660156
Z_OFFSET=983.533264160156
MARGIN=9.49238586425781
SCALE_FACTOR=1
DRAWING_SIZE=10

